160
1 1 1 1
4 2 1 2
36 3 1 2
11 4 1 2
21 5 1 2
30 6 1 2
28 7 1 2
27 8 1 2
26 9 1 2
15 10 1 2
42 11 1 2
52 12 1 2
57 13 1 2
22 14 1 2
32 15 1 2
0 16 1 2
46 1 2 1
68 2 2 2
64 3 2 0
250 4 2 3
217 5 2 3
211 6 2 1
145 7 2 0
109 8 2 2
84 9 2 2
108 13 2 0
115 14 2 0
208 15 2 0
41 16 2 3
43 1 3 1
238 2 3 3
83 3 3 2
251 4 3 2
86 5 3 0
253 6 3 1
140 7 3 2
173 8 3 1
119 13 3 2
125 14 3 2
212 15 3 2
20 16 3 3
25 1 4 1
89 2 4 1
81 3 4 0
159 4 4 1
87 5 4 2
229 6 4 0
92 7 4 0
203 13 4 3
187 14 4 3
199 15 4 1
39 16 4 3
16 1 5 1
201 2 5 1
88 3 5 2
239 4 5 0
75 5 5 2
167 6 5 0
244 14 5 2
218 15 5 2
13 16 5 3
51 1 6 1
171 2 6 1
98 3 6 3
150 14 6 3
66 15 6 0
14 16 6 3
12 1 7 1
227 2 7 2
156 3 7 0
10 16 7 3
53 1 8 1
234 2 8 2
144 3 8 2
56 16 8 3
47 1 9 1
139 8 9 1
133 15 9 1
38 16 9 3
45 1 10 1
207 14 10 1
235 15 10 1
9 16 10 3
44 1 11 1
155 2 11 0
214 3 11 0
99 4 11 3
124 14 11 3
121 15 11 1
6 16 11 3
7 1 12 1
60 2 12 3
70 3 12 1
153 4 12 0
129 5 12 0
105 6 12 2
149 7 12 3
141 8 12 1
243 9 12 0
231 14 12 1
101 15 12 3
49 16 12 3
48 1 13 1
61 2 13 1
195 3 13 1
146 4 13 2
128 5 13 2
204 6 13 3
186 7 13 1
130 8 13 0
157 9 13 0
127 14 13 3
102 15 13 1
34 16 13 3
54 1 14 1
174 2 14 0
248 3 14 2
148 4 14 2
164 5 14 3
180 6 14 1
226 7 14 1
118 8 14 2
154 9 14 2
163 10 14 3
147 11 14 1
160 14 14 1
168 15 14 1
40 16 14 3
55 1 15 1
158 2 15 3
104 3 15 0
242 4 15 0
184 5 15 2
219 6 15 3
213 7 15 1
77 8 15 3
79 9 15 1
245 10 15 3
192 11 15 2
93 12 15 3
78 13 15 1
123 14 15 0
246 15 15 0
35 16 15 3
3 1 16 0
23 2 16 0
5 3 16 0
18 4 16 0
17 5 16 0
59 6 16 0
31 7 16 0
29 8 16 0
58 9 16 0
24 10 16 0
8 11 16 0
33 12 16 0
37 13 16 0
50 14 16 0
19 15 16 0
2 16 16 3
