165
1 1 1 1
4 2 1 2
36 3 1 2
11 4 1 2
21 5 1 2
30 6 1 2
28 7 1 2
27 8 1 2
26 9 1 2
15 10 1 2
42 11 1 2
52 12 1 2
57 13 1 2
22 14 1 2
32 15 1 2
0 16 1 2
46 1 2 1
68 2 2 2
81 3 2 3
90 4 2 1
222 5 2 0
162 6 2 0
149 7 2 2
108 13 2 0
115 14 2 0
208 15 2 0
41 16 2 3
43 1 3 1
238 2 3 3
92 3 3 3
85 4 3 1
227 5 3 2
144 6 3 2
119 13 3 2
125 14 3 2
212 15 3 2
20 16 3 3
25 1 4 1
89 2 4 1
169 3 4 3
175 4 4 1
225 5 4 0
216 6 4 2
255 13 4 2
205 14 4 3
199 15 4 1
39 16 4 3
16 1 5 1
201 2 5 1
183 3 5 3
122 4 5 3
116 5 5 1
240 14 5 3
117 15 5 0
13 16 5 3
51 1 6 1
171 2 6 1
95 3 6 3
87 4 6 1
63 14 6 3
62 15 6 1
14 16 6 3
12 1 7 1
161 14 7 2
211 15 7 2
10 16 7 3
53 1 8 1
217 15 8 2
56 16 8 3
47 1 9 1
139 8 9 1
82 15 9 1
38 16 9 3
45 1 10 1
170 2 10 3
103 3 10 2
111 4 10 1
188 14 10 0
235 15 10 1
9 16 10 3
44 1 11 1
155 2 11 0
215 3 11 0
241 4 11 2
182 5 11 2
187 6 11 1
173 13 11 1
131 14 11 3
121 15 11 1
6 16 11 3
7 1 12 1
60 2 12 3
70 3 12 1
234 4 12 3
232 5 12 0
239 6 12 0
91 7 12 2
177 8 12 0
142 9 12 3
191 13 12 3
203 14 12 1
101 15 12 3
49 16 12 3
48 1 13 1
61 2 13 1
195 3 13 1
163 4 13 0
237 5 13 2
202 6 13 3
186 7 13 1
130 8 13 0
67 9 13 3
83 10 13 1
249 13 13 2
129 14 13 3
102 15 13 1
34 16 13 3
54 1 14 1
174 2 14 0
248 3 14 2
148 4 14 2
164 5 14 3
180 6 14 1
226 7 14 1
118 8 14 2
154 9 14 2
96 10 14 3
84 11 14 1
98 12 14 2
153 13 14 3
160 14 14 1
168 15 14 1
40 16 14 3
55 1 15 1
158 2 15 3
104 3 15 0
242 4 15 0
184 5 15 2
219 6 15 3
213 7 15 1
77 8 15 3
79 9 15 1
245 10 15 3
192 11 15 2
93 12 15 3
78 13 15 1
123 14 15 0
246 15 15 0
35 16 15 3
3 1 16 0
23 2 16 0
5 3 16 0
18 4 16 0
17 5 16 0
59 6 16 0
31 7 16 0
29 8 16 0
58 9 16 0
24 10 16 0
8 11 16 0
33 12 16 0
37 13 16 0
50 14 16 0
19 15 16 0
2 16 16 3
